1.560000000000000000e+02 3.600000000000000000e+01
1.340000000000000000e+02 7.900000000000000000e+01
1.310000000000000000e+02 8.200000000000000000e+01
1.260000000000000000e+02 1.650000000000000000e+02
1.300000000000000000e+02 2.340000000000000000e+02
1.330000000000000000e+02 7.300000000000000000e+01
-1.000000000000000000e+00 -1.000000000000000000e+00
-1.000000000000000000e+00 -1.000000000000000000e+00
1.430000000000000000e+02 2.150000000000000000e+02
-1.000000000000000000e+00 -1.000000000000000000e+00
-1.000000000000000000e+00 -1.000000000000000000e+00
1.440000000000000000e+02 2.120000000000000000e+02
-1.000000000000000000e+00 -1.000000000000000000e+00
-1.000000000000000000e+00 -1.000000000000000000e+00
1.480000000000000000e+02 2.400000000000000000e+01
1.660000000000000000e+02 2.700000000000000000e+01
1.290000000000000000e+02 2.600000000000000000e+01
1.730000000000000000e+02 3.400000000000000000e+01
