1.040000000000000000e+02 3.900000000000000000e+01
1.140000000000000000e+02 9.200000000000000000e+01
7.600000000000000000e+01 9.500000000000000000e+01
6.700000000000000000e+01 1.630000000000000000e+02
7.200000000000000000e+01 2.110000000000000000e+02
1.520000000000000000e+02 8.800000000000000000e+01
1.690000000000000000e+02 1.590000000000000000e+02
1.580000000000000000e+02 2.220000000000000000e+02
9.900000000000000000e+01 2.300000000000000000e+02
-1.000000000000000000e+00 -1.000000000000000000e+00
-1.000000000000000000e+00 -1.000000000000000000e+00
1.490000000000000000e+02 2.260000000000000000e+02
-1.000000000000000000e+00 -1.000000000000000000e+00
-1.000000000000000000e+00 -1.000000000000000000e+00
9.400000000000000000e+01 3.300000000000000000e+01
1.110000000000000000e+02 3.000000000000000000e+01
8.600000000000000000e+01 4.100000000000000000e+01
1.260000000000000000e+02 3.600000000000000000e+01
