1.270000000000000000e+02 4.200000000000000000e+01
1.290000000000000000e+02 8.400000000000000000e+01
9.400000000000000000e+01 8.700000000000000000e+01
8.300000000000000000e+01 1.460000000000000000e+02
8.500000000000000000e+01 1.930000000000000000e+02
1.650000000000000000e+02 8.200000000000000000e+01
1.820000000000000000e+02 1.420000000000000000e+02
1.780000000000000000e+02 1.890000000000000000e+02
1.060000000000000000e+02 2.020000000000000000e+02
-1.000000000000000000e+00 -1.000000000000000000e+00
-1.000000000000000000e+00 -1.000000000000000000e+00
1.510000000000000000e+02 2.010000000000000000e+02
-1.000000000000000000e+00 -1.000000000000000000e+00
-1.000000000000000000e+00 -1.000000000000000000e+00
1.200000000000000000e+02 3.700000000000000000e+01
1.330000000000000000e+02 3.600000000000000000e+01
1.090000000000000000e+02 3.900000000000000000e+01
1.440000000000000000e+02 3.700000000000000000e+01
