1.350000000000000000e+02 2.500000000000000000e+01
1.280000000000000000e+02 4.900000000000000000e+01
1.090000000000000000e+02 4.700000000000000000e+01
1.010000000000000000e+02 8.200000000000000000e+01
8.400000000000000000e+01 1.060000000000000000e+02
1.480000000000000000e+02 5.000000000000000000e+01
1.500000000000000000e+02 8.500000000000000000e+01
1.530000000000000000e+02 1.180000000000000000e+02
1.120000000000000000e+02 1.090000000000000000e+02
1.200000000000000000e+02 1.690000000000000000e+02
1.500000000000000000e+02 2.200000000000000000e+02
1.350000000000000000e+02 1.100000000000000000e+02
1.200000000000000000e+02 1.680000000000000000e+02
1.110000000000000000e+02 2.270000000000000000e+02
1.300000000000000000e+02 2.000000000000000000e+01
1.380000000000000000e+02 2.000000000000000000e+01
1.220000000000000000e+02 2.200000000000000000e+01
1.410000000000000000e+02 2.300000000000000000e+01
